# Blender 4.0.2
# www.blender.org
mtllib ores_ore_block.mtl
o Ore
v 0.500000 0.500000 -0.500000
v 0.500000 -0.500000 -0.500000
v 0.500000 0.500000 0.500000
v 0.500000 -0.500000 0.500000
v -0.500000 0.500000 -0.500000
v -0.500000 -0.500000 -0.500000
v -0.500000 0.500000 0.500000
v -0.500000 -0.500000 0.500000
v -0.144906 -0.667849 -0.037995
v 0.156154 -0.517116 0.371752
v 0.098751 -0.839732 0.189409
v 0.134309 -0.584181 -0.273926
v 0.377967 -0.756063 -0.046522
v 0.269006 -0.534128 0.334275
v 0.373227 -0.580622 0.283273
v 0.333070 -0.503301 0.437087
v 0.437292 -0.549795 0.386086
v -0.307196 -0.574071 -0.445270
v -0.388681 -0.638014 -0.217736
v -0.077409 -0.651821 -0.384827
v -0.158894 -0.715764 -0.157294
v -0.379701 -0.707612 0.147090
v -0.231712 -0.686030 0.347423
v -0.204246 -0.599205 0.005799
v -0.056256 -0.577623 0.206132
v 0.128095 -0.586334 -0.447875
v 0.128095 -0.586334 -0.322875
v 0.253095 -0.586334 -0.447875
v 0.253095 -0.586334 -0.322875
v 0.304641 -0.539894 -0.158141
v 0.354572 -0.507720 -0.324639
v 0.475717 -0.516810 -0.196221
v 0.385292 -0.592361 -0.237938
v -0.438584 -0.539894 -0.123700
v -0.287839 -0.507720 -0.037150
v -0.440480 -0.516810 0.051553
v -0.379259 -0.592361 -0.026990
v -0.115041 -0.500000 0.056874
v 0.131891 -0.500000 0.349108
v 0.213271 -0.500000 0.323489
v 0.423527 -0.500000 0.098205
v 0.149288 -0.500000 -0.226347
v 0.391724 -0.500000 0.247574
v 0.276836 -0.500000 0.319163
v 0.448716 -0.500000 0.364036
v 0.333828 -0.500000 0.435626
v -0.289295 -0.500000 -0.418043
v -0.355327 -0.500000 -0.167006
v -0.106751 -0.500000 -0.077985
v -0.040719 -0.500000 -0.329022
v -0.471424 -0.500000 0.192481
v -0.313900 -0.500000 0.388095
v -0.090550 -0.500000 0.223102
v -0.248074 -0.500000 0.027488
v 0.128095 -0.500000 -0.447875
v 0.128095 -0.500000 -0.322875
v 0.253095 -0.500000 -0.322875
v 0.253095 -0.500000 -0.447875
v 0.290162 -0.500000 -0.199005
v 0.352389 -0.500000 -0.136113
v 0.449878 -0.500000 -0.170655
v 0.469616 -0.500000 -0.213440
v 0.363811 -0.500000 -0.320377
v 0.342705 -0.500000 -0.312898
v -0.395495 -0.500000 -0.128489
v -0.470910 -0.500000 -0.082227
v -0.459487 -0.500000 0.020569
v -0.294095 -0.500000 -0.029124
v -0.422325 -0.500000 0.049535
v -0.296568 -0.500000 -0.051379
v -0.144906 0.667849 0.037995
v 0.156154 0.517115 -0.371752
v 0.098751 0.839732 -0.189409
v 0.134309 0.584181 0.273926
v 0.377967 0.756063 0.046522
v 0.269006 0.534128 -0.334275
v 0.373227 0.580622 -0.283273
v 0.333070 0.503301 -0.437087
v 0.437292 0.549795 -0.386086
v -0.307196 0.574071 0.445270
v -0.388681 0.638014 0.217736
v -0.077409 0.651821 0.384827
v -0.158894 0.715764 0.157294
v -0.379701 0.707612 -0.147090
v -0.231712 0.686030 -0.347423
v -0.204246 0.599205 -0.005799
v -0.056256 0.577623 -0.206132
v 0.128095 0.586334 0.447875
v 0.128095 0.586334 0.322875
v 0.253095 0.586334 0.447875
v 0.253095 0.586334 0.322875
v 0.304641 0.539894 0.158141
v 0.354572 0.507720 0.324639
v 0.475717 0.516810 0.196221
v 0.385292 0.592361 0.237938
v -0.438584 0.539894 0.123700
v -0.287839 0.507720 0.037150
v -0.440480 0.516810 -0.051553
v -0.379259 0.592361 0.026990
v -0.115041 0.500000 -0.056874
v 0.131891 0.500000 -0.349108
v 0.213271 0.500000 -0.323489
v 0.423527 0.500000 -0.098205
v 0.149288 0.500000 0.226347
v 0.391724 0.500000 -0.247574
v 0.276836 0.500000 -0.319163
v 0.448716 0.500000 -0.364037
v 0.333828 0.500000 -0.435626
v -0.289295 0.500000 0.418043
v -0.355327 0.500000 0.167006
v -0.106751 0.500000 0.077985
v -0.040719 0.500000 0.329022
v -0.471424 0.500000 -0.192480
v -0.313900 0.500000 -0.388095
v -0.090550 0.500000 -0.223102
v -0.248075 0.500000 -0.027488
v 0.128095 0.500000 0.447875
v 0.128095 0.500000 0.322875
v 0.253095 0.500000 0.322875
v 0.253095 0.500000 0.447875
v 0.290162 0.500000 0.199005
v 0.352389 0.500000 0.136113
v 0.449878 0.500000 0.170655
v 0.469616 0.500000 0.213440
v 0.363811 0.500000 0.320377
v 0.342705 0.500000 0.312898
v -0.395495 0.500000 0.128489
v -0.470910 0.500000 0.082227
v -0.459487 0.500000 -0.020569
v -0.294095 0.500000 0.029124
v -0.422325 0.500000 -0.049535
v -0.296568 0.500000 0.051379
v -0.144906 -0.037995 0.667849
v 0.156154 0.371752 0.517116
v 0.098752 0.189409 0.839732
v 0.134309 -0.273926 0.584181
v 0.377967 -0.046522 0.756063
v 0.269006 0.334275 0.534128
v 0.373227 0.283273 0.580622
v 0.333070 0.437087 0.503301
v 0.437292 0.386086 0.549795
v -0.307196 -0.445270 0.574071
v -0.388681 -0.217736 0.638014
v -0.077409 -0.384827 0.651821
v -0.158894 -0.157294 0.715764
v -0.379701 0.147090 0.707612
v -0.231712 0.347423 0.686030
v -0.204246 0.005799 0.599205
v -0.056256 0.206132 0.577623
v 0.128095 -0.447875 0.586334
v 0.128095 -0.322875 0.586334
v 0.253095 -0.447875 0.586334
v 0.253095 -0.322875 0.586334
v 0.304641 -0.158141 0.539894
v 0.354572 -0.324639 0.507720
v 0.475717 -0.196221 0.516810
v 0.385292 -0.237938 0.592361
v -0.438584 -0.123700 0.539894
v -0.287839 -0.037150 0.507720
v -0.440480 0.051553 0.516810
v -0.379259 -0.026990 0.592361
v -0.115041 0.056874 0.500000
v 0.131891 0.349108 0.500000
v 0.213271 0.323489 0.500000
v 0.423527 0.098205 0.500000
v 0.149287 -0.226347 0.500000
v 0.391724 0.247574 0.500000
v 0.276836 0.319163 0.500000
v 0.448716 0.364036 0.500000
v 0.333828 0.435626 0.500000
v -0.289295 -0.418043 0.500000
v -0.355327 -0.167006 0.500000
v -0.106751 -0.077985 0.500000
v -0.040719 -0.329022 0.500000
v -0.471425 0.192481 0.500000
v -0.313900 0.388095 0.500000
v -0.090550 0.223102 0.500000
v -0.248074 0.027488 0.500000
v 0.128095 -0.447875 0.500000
v 0.128095 -0.322875 0.500000
v 0.253095 -0.322875 0.500000
v 0.253095 -0.447875 0.500000
v 0.290162 -0.199005 0.500000
v 0.352389 -0.136113 0.500000
v 0.449878 -0.170656 0.500000
v 0.469616 -0.213440 0.500000
v 0.363811 -0.320377 0.500000
v 0.342705 -0.312898 0.500000
v -0.395495 -0.128489 0.500000
v -0.470911 -0.082227 0.500000
v -0.459487 0.020569 0.500000
v -0.294095 -0.029124 0.500000
v -0.422325 0.049535 0.500000
v -0.296568 -0.051379 0.500000
v 0.144906 -0.037995 -0.667850
v -0.156154 0.371752 -0.517116
v -0.098752 0.189409 -0.839732
v -0.134310 -0.273926 -0.584181
v -0.377967 -0.046522 -0.756063
v -0.269006 0.334275 -0.534128
v -0.373227 0.283273 -0.580622
v -0.333070 0.437087 -0.503301
v -0.437292 0.386086 -0.549795
v 0.307196 -0.445270 -0.574072
v 0.388681 -0.217736 -0.638014
v 0.077409 -0.384827 -0.651821
v 0.158894 -0.157294 -0.715764
v 0.379701 0.147090 -0.707613
v 0.231712 0.347423 -0.686030
v 0.204246 0.005799 -0.599205
v 0.056256 0.206132 -0.577623
v -0.128095 -0.447875 -0.586334
v -0.128095 -0.322875 -0.586334
v -0.253095 -0.447875 -0.586334
v -0.253095 -0.322875 -0.586334
v -0.304641 -0.158141 -0.539894
v -0.354572 -0.324639 -0.507720
v -0.475717 -0.196221 -0.516810
v -0.385292 -0.237938 -0.592361
v 0.438584 -0.123700 -0.539894
v 0.287839 -0.037150 -0.507720
v 0.440480 0.051553 -0.516810
v 0.379259 -0.026990 -0.592361
v 0.115041 0.056874 -0.500000
v -0.131891 0.349108 -0.500000
v -0.213271 0.323489 -0.500000
v -0.423527 0.098205 -0.500000
v -0.149288 -0.226347 -0.500000
v -0.391724 0.247574 -0.500000
v -0.276836 0.319163 -0.500000
v -0.448716 0.364036 -0.500000
v -0.333828 0.435626 -0.500000
v 0.289295 -0.418043 -0.500000
v 0.355327 -0.167006 -0.500000
v 0.106751 -0.077985 -0.500000
v 0.040719 -0.329022 -0.500000
v 0.471424 0.192481 -0.500000
v 0.313900 0.388095 -0.500000
v 0.090550 0.223102 -0.500000
v 0.248074 0.027488 -0.500000
v -0.128095 -0.447875 -0.500000
v -0.128095 -0.322875 -0.500000
v -0.253095 -0.322875 -0.500000
v -0.253095 -0.447875 -0.500000
v -0.290162 -0.199005 -0.500000
v -0.352389 -0.136113 -0.500000
v -0.449878 -0.170655 -0.500000
v -0.469616 -0.213440 -0.500000
v -0.363811 -0.320377 -0.500000
v -0.342705 -0.312898 -0.500000
v 0.395495 -0.128489 -0.500000
v 0.470910 -0.082227 -0.500000
v 0.459487 0.020569 -0.500000
v 0.294095 -0.029124 -0.500000
v 0.422324 0.049535 -0.500000
v 0.296568 -0.051379 -0.500000
v -0.667849 0.037995 0.144906
v -0.517115 -0.371752 -0.156154
v -0.839732 -0.189409 -0.098752
v -0.584181 0.273926 -0.134309
v -0.756063 0.046522 -0.377967
v -0.534128 -0.334275 -0.269006
v -0.580622 -0.283273 -0.373227
v -0.503301 -0.437087 -0.333070
v -0.549795 -0.386086 -0.437292
v -0.574072 0.445269 0.307196
v -0.638014 0.217736 0.388681
v -0.651821 0.384827 0.077409
v -0.715764 0.157294 0.158894
v -0.707612 -0.147090 0.379701
v -0.686030 -0.347423 0.231712
v -0.599205 -0.005799 0.204246
v -0.577623 -0.206132 0.056256
v -0.586334 0.447874 -0.128095
v -0.586334 0.322875 -0.128095
v -0.586334 0.447875 -0.253095
v -0.586334 0.322875 -0.253095
v -0.539894 0.158141 -0.304641
v -0.507720 0.324639 -0.354572
v -0.516810 0.196221 -0.475717
v -0.592361 0.237938 -0.385292
v -0.539894 0.123700 0.438584
v -0.507720 0.037149 0.287839
v -0.516810 -0.051553 0.440480
v -0.592361 0.026990 0.379259
v -0.500000 -0.056874 0.115041
v -0.500000 -0.349108 -0.131891
v -0.500000 -0.323489 -0.213271
v -0.500000 -0.098205 -0.423527
v -0.500000 0.226347 -0.149287
v -0.500000 -0.247574 -0.391724
v -0.500000 -0.319163 -0.276836
v -0.500000 -0.364036 -0.448716
v -0.500000 -0.435626 -0.333828
v -0.500000 0.418043 0.289295
v -0.500000 0.167006 0.355327
v -0.500000 0.077985 0.106751
v -0.500000 0.329022 0.040719
v -0.500000 -0.192481 0.471424
v -0.500000 -0.388095 0.313900
v -0.500000 -0.223102 0.090550
v -0.500000 -0.027488 0.248075
v -0.500000 0.447875 -0.128095
v -0.500000 0.322875 -0.128095
v -0.500000 0.322875 -0.253095
v -0.500000 0.447875 -0.253095
v -0.500000 0.199005 -0.290162
v -0.500000 0.136113 -0.352389
v -0.500000 0.170656 -0.449878
v -0.500000 0.213440 -0.469616
v -0.500000 0.320377 -0.363811
v -0.500000 0.312898 -0.342705
v -0.500000 0.128488 0.395495
v -0.500000 0.082227 0.470911
v -0.500000 -0.020569 0.459487
v -0.500000 0.029124 0.294095
v -0.500000 -0.049535 0.422325
v -0.500000 0.051379 0.296568
v 0.667849 0.037995 -0.144906
v 0.517115 -0.371752 0.156154
v 0.839732 -0.189409 0.098752
v 0.584181 0.273926 0.134309
v 0.756063 0.046522 0.377967
v 0.534128 -0.334275 0.269006
v 0.580622 -0.283273 0.373227
v 0.503301 -0.437087 0.333070
v 0.549795 -0.386085 0.437292
v 0.574071 0.445269 -0.307196
v 0.638014 0.217736 -0.388681
v 0.651821 0.384827 -0.077410
v 0.715764 0.157294 -0.158894
v 0.707612 -0.147090 -0.379701
v 0.686030 -0.347423 -0.231712
v 0.599205 -0.005799 -0.204246
v 0.577622 -0.206132 -0.056256
v 0.586334 0.447874 0.128095
v 0.586334 0.322875 0.128095
v 0.586334 0.447875 0.253095
v 0.586334 0.322875 0.253095
v 0.539894 0.158141 0.304641
v 0.507720 0.324639 0.354572
v 0.516810 0.196221 0.475717
v 0.592361 0.237938 0.385292
v 0.539894 0.123700 -0.438584
v 0.507720 0.037150 -0.287839
v 0.516810 -0.051553 -0.440480
v 0.592361 0.026990 -0.379259
v 0.500000 -0.056874 -0.115041
v 0.500000 -0.349108 0.131891
v 0.500000 -0.323489 0.213271
v 0.500000 -0.098205 0.423527
v 0.500000 0.226347 0.149287
v 0.500000 -0.247574 0.391724
v 0.500000 -0.319163 0.276836
v 0.500000 -0.364036 0.448716
v 0.500000 -0.435625 0.333828
v 0.500000 0.418043 -0.289295
v 0.500000 0.167006 -0.355327
v 0.500000 0.077985 -0.106751
v 0.500000 0.329022 -0.040719
v 0.500000 -0.192481 -0.471424
v 0.500000 -0.388095 -0.313900
v 0.500000 -0.223102 -0.090550
v 0.500000 -0.027488 -0.248075
v 0.500000 0.447875 0.128095
v 0.500000 0.322875 0.128095
v 0.500000 0.322875 0.253095
v 0.500000 0.447875 0.253095
v 0.500000 0.199005 0.290162
v 0.500000 0.136113 0.352389
v 0.500000 0.170656 0.449878
v 0.500000 0.213440 0.469616
v 0.500000 0.320377 0.363811
v 0.500000 0.312899 0.342705
v 0.500000 0.128488 -0.395495
v 0.500000 0.082226 -0.470911
v 0.500000 -0.020569 -0.459487
v 0.500000 0.029124 -0.294095
v 0.500000 -0.049535 -0.422325
v 0.500000 0.051379 -0.296568
vn -0.0000 1.0000 -0.0000
vn -0.0000 -0.0000 1.0000
vn -1.0000 -0.0000 -0.0000
vn -0.0000 -1.0000 -0.0000
vn 1.0000 -0.0000 -0.0000
vn -0.0000 -0.0000 -1.0000
vn -0.7446 -0.2231 0.6291
vn 0.6498 -0.4584 0.6064
vn 0.7446 0.2231 -0.6291
vn -0.6498 0.4584 -0.6064
vn 0.1531 0.8603 0.4862
vn -0.1531 -0.8603 -0.4862
vn -0.5125 -0.2466 -0.8225
vn -0.2053 -0.8949 0.3963
vn 0.5125 0.2466 0.8225
vn -0.8338 0.3720 0.4080
vn 0.8338 -0.3720 -0.4080
vn -0.9191 0.3110 -0.2418
vn -0.3259 -0.2558 0.9101
vn 0.9191 -0.3110 0.2418
vn 0.3259 0.2558 -0.9101
vn -0.2212 -0.9153 -0.3365
vn -0.7018 -0.4336 0.5652
vn 0.5920 0.0863 0.8013
vn 0.7018 0.4336 -0.5652
vn -0.5920 -0.0863 -0.8013
vn 0.3963 -0.8969 -0.1961
vn -0.6452 0.4197 0.6384
vn 0.2458 -0.6771 0.6936
vn 0.6452 -0.4197 -0.6384
vn -0.2458 0.6771 -0.6936
vn 0.7234 0.6044 0.3337
vn -0.7234 -0.6044 -0.3337
vn -0.4746 0.4197 -0.7737
vn -0.7314 -0.6771 0.0813
vn 0.4746 -0.4197 0.7737
vn 0.7314 0.6771 -0.0813
vn -0.4898 0.6044 0.6283
vn 0.4898 -0.6044 -0.6283
vn -0.7446 0.2231 -0.6291
vn 0.6498 0.4584 -0.6064
vn 0.7446 -0.2231 0.6291
vn -0.6498 -0.4584 0.6064
vn 0.1531 -0.8603 -0.4862
vn -0.1531 0.8603 0.4862
vn -0.5125 0.2466 0.8225
vn -0.2053 0.8949 -0.3963
vn 0.5125 -0.2466 -0.8225
vn -0.8338 -0.3720 -0.4080
vn 0.8338 0.3720 0.4080
vn -0.9191 -0.3110 0.2418
vn -0.3259 0.2558 -0.9101
vn 0.9191 0.3110 -0.2418
vn 0.3259 -0.2558 0.9101
vn -0.2212 0.9153 0.3365
vn -0.7018 0.4336 -0.5652
vn 0.5920 -0.0863 -0.8013
vn 0.7018 -0.4336 0.5652
vn -0.5920 0.0863 0.8013
vn 0.3963 0.8969 0.1961
vn -0.6452 -0.4197 -0.6384
vn 0.2458 0.6771 -0.6936
vn 0.6452 0.4197 0.6384
vn -0.2458 -0.6771 0.6936
vn 0.7234 -0.6044 -0.3337
vn -0.7234 0.6044 0.3337
vn -0.4746 -0.4197 0.7737
vn -0.7314 0.6771 -0.0813
vn 0.4746 0.4197 -0.7737
vn 0.7314 -0.6771 0.0813
vn -0.4898 -0.6044 -0.6283
vn 0.4898 0.6044 0.6283
vn -0.7446 0.6291 0.2231
vn 0.6498 0.6064 0.4584
vn 0.7446 -0.6291 -0.2231
vn -0.6498 -0.6064 -0.4584
vn 0.1531 0.4862 -0.8603
vn -0.1531 -0.4862 0.8603
vn -0.5125 -0.8225 0.2466
vn -0.2053 0.3963 0.8949
vn 0.5125 0.8225 -0.2466
vn -0.8338 0.4080 -0.3720
vn 0.8338 -0.4080 0.3720
vn -0.9191 -0.2418 -0.3110
vn -0.3259 0.9101 0.2558
vn 0.9191 0.2418 0.3110
vn 0.3259 -0.9101 -0.2558
vn -0.2212 -0.3365 0.9153
vn -0.7018 0.5652 0.4336
vn 0.5920 0.8013 -0.0863
vn 0.7018 -0.5652 -0.4336
vn -0.5920 -0.8013 0.0863
vn 0.3963 -0.1961 0.8969
vn -0.6452 0.6384 -0.4197
vn 0.2458 0.6936 0.6771
vn 0.6452 -0.6384 0.4197
vn -0.2458 -0.6936 -0.6771
vn 0.7234 0.3337 -0.6044
vn -0.7234 -0.3337 0.6044
vn -0.4746 -0.7737 -0.4197
vn -0.7314 0.0813 0.6771
vn 0.4746 0.7737 0.4197
vn 0.7314 -0.0813 -0.6771
vn -0.4898 0.6283 -0.6044
vn 0.4898 -0.6283 0.6044
vn -0.8338 0.4080 -0.3719
vn 0.7446 0.6291 -0.2231
vn -0.6498 0.6064 -0.4584
vn -0.7446 -0.6291 0.2231
vn 0.6498 -0.6064 0.4584
vn -0.1531 0.4862 0.8603
vn 0.1531 -0.4862 -0.8603
vn 0.5125 -0.8225 -0.2466
vn 0.2053 0.3963 -0.8949
vn -0.5125 0.8225 0.2466
vn 0.8338 0.4080 0.3720
vn -0.8338 -0.4080 -0.3720
vn 0.9191 -0.2418 0.3110
vn 0.3259 0.9101 -0.2558
vn -0.9191 0.2418 -0.3110
vn -0.3259 -0.9101 0.2558
vn 0.2212 -0.3365 -0.9153
vn 0.7018 0.5652 -0.4336
vn -0.5920 0.8013 0.0863
vn -0.7018 -0.5652 0.4336
vn 0.5920 -0.8013 -0.0863
vn -0.3963 -0.1961 -0.8969
vn 0.6452 0.6384 0.4197
vn -0.2458 0.6936 -0.6771
vn -0.6452 -0.6384 -0.4197
vn 0.2458 -0.6936 0.6771
vn -0.7234 0.3337 0.6044
vn 0.7234 -0.3337 -0.6044
vn 0.4746 -0.7737 0.4197
vn 0.7314 0.0813 -0.6771
vn -0.4746 0.7737 -0.4197
vn -0.7314 -0.0813 0.6771
vn 0.4898 0.6283 0.6044
vn -0.4898 -0.6283 -0.6044
vn 0.8338 0.4080 0.3719
vn -0.2231 -0.6291 0.7446
vn -0.4584 -0.6064 -0.6498
vn 0.2231 0.6291 -0.7446
vn 0.4584 0.6064 0.6498
vn 0.8603 -0.4862 -0.1531
vn -0.8603 0.4862 0.1531
vn -0.2466 0.8225 0.5125
vn -0.8949 -0.3963 0.2053
vn 0.2466 -0.8225 -0.5125
vn 0.3720 -0.4080 0.8338
vn -0.3720 0.4080 -0.8338
vn 0.3110 0.2418 0.9191
vn -0.2558 -0.9101 0.3259
vn -0.3110 -0.2418 -0.9191
vn 0.2558 0.9101 -0.3259
vn -0.9153 0.3365 0.2212
vn -0.4336 -0.5652 0.7018
vn 0.0863 -0.8013 -0.5920
vn 0.4336 0.5652 -0.7018
vn -0.0863 0.8013 0.5920
vn -0.8969 0.1961 -0.3963
vn 0.4197 -0.6384 0.6452
vn -0.6771 -0.6936 -0.2458
vn -0.4197 0.6384 -0.6452
vn 0.6771 0.6936 0.2458
vn 0.6044 -0.3337 -0.7234
vn -0.6044 0.3337 0.7234
vn 0.4197 0.7737 0.4746
vn -0.6771 -0.0813 0.7314
vn -0.4197 -0.7737 -0.4746
vn 0.6771 0.0813 -0.7314
vn 0.6044 -0.6283 0.4898
vn -0.6044 0.6283 -0.4898
vn 0.3719 -0.4080 0.8338
vn 0.2231 -0.6292 -0.7446
vn 0.4584 -0.6064 0.6498
vn -0.2231 0.6291 0.7446
vn -0.4584 0.6064 -0.6498
vn -0.8603 -0.4862 0.1531
vn 0.8603 0.4862 -0.1531
vn 0.2466 0.8225 -0.5125
vn 0.8949 -0.3963 -0.2053
vn -0.2466 -0.8225 0.5125
vn -0.3720 -0.4080 -0.8338
vn 0.3720 0.4080 0.8338
vn -0.3110 0.2418 -0.9191
vn 0.2558 -0.9101 -0.3259
vn 0.3110 -0.2418 0.9191
vn -0.2558 0.9101 0.3259
vn 0.9153 0.3365 -0.2212
vn 0.4336 -0.5652 -0.7018
vn -0.0863 -0.8013 0.5920
vn -0.4336 0.5652 0.7018
vn 0.0863 0.8013 -0.5920
vn 0.8969 0.1961 0.3963
vn -0.4197 -0.6384 -0.6452
vn 0.6771 -0.6936 0.2458
vn 0.4197 0.6384 0.6452
vn -0.6771 0.6936 -0.2458
vn -0.6044 -0.3337 0.7234
vn 0.6044 0.3337 -0.7234
vn -0.4197 0.7737 -0.4746
vn 0.6771 -0.0813 -0.7314
vn 0.4197 -0.7737 0.4746
vn -0.6771 0.0813 0.7314
vn -0.6044 -0.6283 -0.4898
vn 0.6044 0.6283 0.4898
vn 0.2231 -0.6291 -0.7446
vt 1.000000 1.000000
vt 0.000000 1.000000
vt 0.000000 0.000000
vt 1.000000 0.000000
vt 0.437500 0.375000
vt 0.812500 0.375000
vt 0.812500 0.337659
vt 0.437500 0.000000
vt 0.735141 0.375000
vt 0.812500 0.076711
vt 0.535350 0.000000
vt 0.535350 0.375000
vt 0.632604 0.000000
vt 0.000000 0.337659
vt 0.000000 0.375000
vt 0.076711 0.375000
vt 0.375000 0.000000
vt 0.375000 0.375000
vt 0.187500 0.875000
vt 0.312500 0.836863
vt 0.187500 0.784908
vt 0.000000 0.750000
vt 0.125000 0.875000
vt 0.125000 0.750000
vt 0.312500 0.871311
vt 0.312500 0.875000
vt 0.187500 0.750000
vt 0.191189 0.875000
vt 0.225637 0.750000
vt 0.243144 0.875000
vt 0.277592 0.750000
vt 0.393422 0.437500
vt 0.312500 0.687500
vt 0.463278 0.687500
vt 0.463278 0.437500
vt 0.548218 0.687500
vt 0.478361 0.437500
vt 0.478361 0.687500
vt 0.250000 0.687500
vt 0.000000 0.437500
vt 0.250000 0.437500
vt 0.312500 0.437500
vt 0.519903 0.687500
vt 0.543965 0.437500
vt 0.399041 0.687500
vt 0.519903 0.437500
vt 0.423103 0.437500
vt 0.423103 0.687500
vt 0.000000 0.687500
vt 0.273834 0.875000
vt 0.273834 0.750000
vt 0.273834 0.875000
vt 0.273834 0.750000
vt 0.273834 0.875000
vt 0.066084 0.875000
vt 0.125000 0.808995
vt 0.084952 0.750000
vt 0.000000 0.808995
vt 0.000000 0.875000
vt 0.000000 0.862228
vt 0.125000 0.862228
vt 0.106608 0.875000
vt 0.125000 0.850175
vt 0.084952 0.875000
vt 0.106608 0.750000
vt 0.000000 0.816084
vt 0.125000 0.808996
vt 0.066084 0.875000
vt 0.084952 0.750000
vt 0.000000 0.862228
vt 0.100175 0.750000
vt 0.106609 0.875000
vt 0.125000 0.862228
vt 0.125000 0.850175
vt 0.084952 0.875000
vt 0.000000 0.816084
vt 0.812500 0.000000
vt 0.187500 0.819356
vt 0.100175 0.750000
vt 0.000000 0.808996
vt 0.106608 0.750000
s 0
g Ore_Stone
usemtl Stone
f 1/1/1 5/2/1 7/3/1 3/4/1
f 4/4/2 3/1/2 7/2/2 8/3/2
f 8/3/3 7/2/3 5/1/3 6/4/3
f 6/2/4 2/1/4 4/4/4 8/3/4
f 2/4/5 1/1/5 3/2/5 4/3/5
f 6/3/6 5/2/6 1/1/6 2/4/6
g Ore_Ore
usemtl Ore
f 11/5/7 10/6/7 39/7/7
f 11/8/8 41/9/8 40/10/8
f 13/5/9 42/11/9 41/9/9
f 42/12/10 9/8/10 38/13/10
f 39/14/11 10/15/11 40/16/11
f 11/15/12 12/17/12 13/18/12
f 15/19/13 44/20/13 43/21/13
f 14/22/14 17/23/14 16/24/14
f 17/19/15 46/25/15 16/26/15
f 14/27/16 46/28/16 44/29/16
f 45/30/17 15/27/17 43/31/17
f 47/32/18 19/33/18 48/34/18
f 48/35/19 21/33/19 49/36/19
f 21/33/20 50/37/20 49/36/20
f 20/33/21 47/32/21 50/38/21
f 21/39/22 18/40/22 20/41/22
f 22/42/23 52/43/23 51/44/23
f 23/42/24 53/45/24 52/46/24
f 53/45/25 24/42/25 54/47/25
f 54/48/26 22/42/26 51/44/26
f 23/49/27 24/41/27 25/39/27
f 26/27/3 56/50/3 55/51/3
f 56/51/2 29/19/2 57/52/2
f 57/52/5 28/27/5 58/53/5
f 28/19/6 55/51/6 58/54/6
f 29/23/4 26/22/4 28/24/4
f 59/55/28 30/23/28 60/56/28
f 33/23/29 61/57/29 60/58/29
f 33/23/30 31/59/30 63/60/30
f 63/61/31 31/23/31 64/62/31
f 62/63/32 61/64/32 32/23/32
f 64/65/33 33/23/33 59/66/33
f 34/23/34 66/67/34 65/68/34
f 37/23/35 36/24/35 67/69/35
f 37/23/36 68/70/36 69/71/36
f 70/72/37 68/73/37 35/23/37
f 36/23/38 69/74/38 67/75/38
f 37/23/39 34/59/39 65/76/39
f 39/7/7 38/13/7 11/5/7
f 38/13/7 9/8/7 11/5/7
f 40/10/8 10/77/8 11/8/8
f 11/8/8 13/5/8 41/9/8
f 13/5/9 12/8/9 42/11/9
f 42/12/10 12/5/10 9/8/10
f 11/15/12 9/3/12 12/17/12
f 15/19/13 14/26/13 44/20/13
f 14/22/14 15/59/14 17/23/14
f 17/19/15 45/78/15 46/25/15
f 14/27/16 16/19/16 46/28/16
f 45/30/17 17/19/17 15/27/17
f 47/32/18 18/42/18 19/33/18
f 48/35/19 19/42/19 21/33/19
f 21/33/20 20/42/20 50/37/20
f 20/33/21 18/42/21 47/32/21
f 21/39/22 19/49/22 18/40/22
f 22/42/23 23/33/23 52/43/23
f 23/42/24 25/33/24 53/45/24
f 53/45/25 25/33/25 24/42/25
f 54/48/26 24/33/26 22/42/26
f 23/49/27 22/40/27 24/41/27
f 26/27/3 27/19/3 56/50/3
f 56/51/2 27/27/2 29/19/2
f 57/52/5 29/19/5 28/27/5
f 28/19/6 26/27/6 55/51/6
f 29/23/4 27/59/4 26/22/4
f 60/58/29 30/59/29 33/23/29
f 33/23/29 32/24/29 61/57/29
f 63/60/30 62/79/30 33/23/30
f 62/79/30 32/24/30 33/23/30
f 31/24/33 33/23/33 64/65/33
f 33/23/33 30/59/33 59/66/33
f 67/69/35 66/80/35 37/23/35
f 66/80/35 34/59/35 37/23/35
f 69/71/36 36/24/36 37/23/36
f 37/23/36 35/59/36 68/70/36
f 65/76/39 70/81/39 37/23/39
f 70/81/39 35/24/39 37/23/39
f 73/5/40 72/6/40 101/7/40
f 73/8/41 103/9/41 102/10/41
f 75/5/42 104/11/42 103/9/42
f 104/12/43 71/8/43 100/13/43
f 101/14/44 72/15/44 102/16/44
f 73/15/45 74/17/45 75/18/45
f 77/19/46 106/20/46 105/21/46
f 76/22/47 79/23/47 78/24/47
f 79/19/48 108/25/48 78/26/48
f 76/27/49 108/28/49 106/29/49
f 107/30/50 77/27/50 105/31/50
f 109/32/51 81/33/51 110/34/51
f 110/35/52 83/33/52 111/36/52
f 83/33/53 112/37/53 111/36/53
f 82/33/54 109/32/54 112/38/54
f 83/39/55 80/40/55 82/41/55
f 84/42/56 114/43/56 113/44/56
f 85/42/57 115/45/57 114/46/57
f 115/45/58 86/42/58 116/47/58
f 116/48/59 84/42/59 113/44/59
f 85/49/60 86/41/60 87/39/60
f 88/27/3 118/50/3 117/51/3
f 118/51/6 91/19/6 119/52/6
f 119/52/5 90/27/5 120/53/5
f 90/19/2 117/51/2 120/54/2
f 91/23/1 88/22/1 90/24/1
f 121/55/61 92/23/61 122/56/61
f 95/23/62 123/57/62 122/58/62
f 95/23/63 93/59/63 125/60/63
f 125/61/64 93/23/64 126/62/64
f 124/63/65 123/64/65 94/23/65
f 126/65/66 95/23/66 121/66/66
f 96/23/67 128/67/67 127/68/67
f 99/23/68 98/24/68 129/69/68
f 99/23/69 130/70/69 131/71/69
f 132/72/70 130/73/70 97/23/70
f 98/23/71 131/74/71 129/75/71
f 99/23/72 96/59/72 127/76/72
f 101/7/40 100/13/40 73/5/40
f 100/13/40 71/8/40 73/5/40
f 102/10/41 72/77/41 73/8/41
f 73/8/41 75/5/41 103/9/41
f 75/5/42 74/8/42 104/11/42
f 104/12/43 74/5/43 71/8/43
f 73/15/45 71/3/45 74/17/45
f 77/19/46 76/26/46 106/20/46
f 76/22/47 77/59/47 79/23/47
f 79/19/48 107/78/48 108/25/48
f 76/27/49 78/19/49 108/28/49
f 107/30/50 79/19/50 77/27/50
f 109/32/51 80/42/51 81/33/51
f 110/35/52 81/42/52 83/33/52
f 83/33/53 82/42/53 112/37/53
f 82/33/54 80/42/54 109/32/54
f 83/39/55 81/49/55 80/40/55
f 84/42/56 85/33/56 114/43/56
f 85/42/57 87/33/57 115/45/57
f 115/45/58 87/33/58 86/42/58
f 116/48/59 86/33/59 84/42/59
f 85/49/60 84/40/60 86/41/60
f 88/27/3 89/19/3 118/50/3
f 118/51/6 89/27/6 91/19/6
f 119/52/5 91/19/5 90/27/5
f 90/19/2 88/27/2 117/51/2
f 91/23/1 89/59/1 88/22/1
f 122/58/62 92/59/62 95/23/62
f 95/23/62 94/24/62 123/57/62
f 125/60/63 124/79/63 95/23/63
f 124/79/63 94/24/63 95/23/63
f 93/24/66 95/23/66 126/65/66
f 95/23/66 92/59/66 121/66/66
f 129/69/68 128/80/68 99/23/68
f 128/80/68 96/59/68 99/23/68
f 131/71/69 98/24/69 99/23/69
f 99/23/69 97/59/69 130/70/69
f 127/76/72 132/81/72 99/23/72
f 132/81/72 97/24/72 99/23/72
f 135/5/73 134/6/73 163/7/73
f 135/8/74 165/9/74 164/10/74
f 137/5/75 166/11/75 165/9/75
f 166/12/76 133/8/76 162/13/76
f 163/14/77 134/15/77 164/16/77
f 135/15/78 136/17/78 137/18/78
f 139/19/79 168/20/79 167/21/79
f 138/22/80 141/23/80 140/24/80
f 141/19/81 170/25/81 140/26/81
f 138/27/82 170/28/82 168/29/82
f 169/30/83 139/27/83 167/31/83
f 171/32/84 143/33/84 172/34/84
f 172/35/85 145/33/85 173/36/85
f 145/33/86 174/37/86 173/36/86
f 144/33/87 171/32/87 174/38/87
f 145/39/88 142/40/88 144/41/88
f 146/42/89 176/43/89 175/44/89
f 147/42/90 177/45/90 176/46/90
f 177/45/91 148/42/91 178/47/91
f 178/48/92 146/42/92 175/44/92
f 147/49/93 148/41/93 149/39/93
f 150/27/3 180/50/3 179/51/3
f 180/51/1 153/19/1 181/52/1
f 181/52/5 152/27/5 182/53/5
f 152/19/4 179/51/4 182/54/4
f 153/23/2 150/22/2 152/24/2
f 183/55/94 154/23/94 184/56/94
f 157/23/95 185/57/95 184/58/95
f 157/23/96 155/59/96 187/60/96
f 187/61/97 155/23/97 188/62/97
f 186/63/98 185/64/98 156/23/98
f 188/65/99 157/23/99 183/66/99
f 158/23/100 190/67/100 189/68/100
f 161/23/101 160/24/101 191/69/101
f 161/23/102 192/70/102 193/71/102
f 194/72/103 192/73/103 159/23/103
f 160/23/104 193/74/104 191/75/104
f 161/23/105 158/59/105 189/76/105
f 163/7/73 162/13/73 135/5/73
f 162/13/73 133/8/73 135/5/73
f 164/10/74 134/77/74 135/8/74
f 135/8/74 137/5/74 165/9/74
f 137/5/75 136/8/75 166/11/75
f 166/12/76 136/5/76 133/8/76
f 135/15/78 133/3/78 136/17/78
f 139/19/79 138/26/79 168/20/79
f 138/22/80 139/59/80 141/23/80
f 141/19/81 169/78/81 170/25/81
f 138/27/106 140/19/106 170/28/106
f 169/30/83 141/19/83 139/27/83
f 171/32/84 142/42/84 143/33/84
f 172/35/85 143/42/85 145/33/85
f 145/33/86 144/42/86 174/37/86
f 144/33/87 142/42/87 171/32/87
f 145/39/88 143/49/88 142/40/88
f 146/42/89 147/33/89 176/43/89
f 147/42/90 149/33/90 177/45/90
f 177/45/91 149/33/91 148/42/91
f 178/48/92 148/33/92 146/42/92
f 147/49/93 146/40/93 148/41/93
f 150/27/3 151/19/3 180/50/3
f 180/51/1 151/27/1 153/19/1
f 181/52/5 153/19/5 152/27/5
f 152/19/4 150/27/4 179/51/4
f 153/23/2 151/59/2 150/22/2
f 184/58/95 154/59/95 157/23/95
f 157/23/95 156/24/95 185/57/95
f 187/60/96 186/79/96 157/23/96
f 186/79/96 156/24/96 157/23/96
f 155/24/99 157/23/99 188/65/99
f 157/23/99 154/59/99 183/66/99
f 191/69/101 190/80/101 161/23/101
f 190/80/101 158/59/101 161/23/101
f 193/71/102 160/24/102 161/23/102
f 161/23/102 159/59/102 192/70/102
f 189/76/105 194/81/105 161/23/105
f 194/81/105 159/24/105 161/23/105
f 197/5/107 196/6/107 225/7/107
f 197/8/108 227/9/108 226/10/108
f 199/5/109 228/11/109 227/9/109
f 228/12/110 195/8/110 224/13/110
f 225/14/111 196/15/111 226/16/111
f 197/15/112 198/17/112 199/18/112
f 201/19/113 230/20/113 229/21/113
f 200/22/114 203/23/114 202/24/114
f 203/19/115 232/25/115 202/26/115
f 200/27/116 232/28/116 230/29/116
f 231/30/117 201/27/117 229/31/117
f 233/32/118 205/33/118 234/34/118
f 234/35/119 207/33/119 235/36/119
f 207/33/120 236/37/120 235/36/120
f 206/33/121 233/32/121 236/38/121
f 207/39/122 204/40/122 206/41/122
f 208/42/123 238/43/123 237/44/123
f 209/42/124 239/45/124 238/46/124
f 239/45/125 210/42/125 240/47/125
f 240/48/126 208/42/126 237/44/126
f 209/49/127 210/41/127 211/39/127
f 212/27/5 242/50/5 241/51/5
f 242/51/1 215/19/1 243/52/1
f 243/52/3 214/27/3 244/53/3
f 214/19/4 241/51/4 244/54/4
f 215/23/6 212/22/6 214/24/6
f 245/55/128 216/23/128 246/56/128
f 219/23/129 247/57/129 246/58/129
f 219/23/130 217/59/130 249/60/130
f 249/61/131 217/23/131 250/62/131
f 248/63/132 247/64/132 218/23/132
f 250/65/133 219/23/133 245/66/133
f 220/23/134 252/67/134 251/68/134
f 223/23/135 222/24/135 253/69/135
f 223/23/136 254/70/136 255/71/136
f 256/72/137 254/73/137 221/23/137
f 222/23/138 255/74/138 253/75/138
f 223/23/139 220/59/139 251/76/139
f 225/7/107 224/13/107 197/5/107
f 224/13/107 195/8/107 197/5/107
f 226/10/108 196/77/108 197/8/108
f 197/8/108 199/5/108 227/9/108
f 199/5/109 198/8/109 228/11/109
f 228/12/110 198/5/110 195/8/110
f 197/15/112 195/3/112 198/17/112
f 201/19/113 200/26/113 230/20/113
f 200/22/114 201/59/114 203/23/114
f 203/19/115 231/78/115 232/25/115
f 200/27/140 202/19/140 232/28/140
f 231/30/117 203/19/117 201/27/117
f 233/32/118 204/42/118 205/33/118
f 234/35/119 205/42/119 207/33/119
f 207/33/120 206/42/120 236/37/120
f 206/33/121 204/42/121 233/32/121
f 207/39/122 205/49/122 204/40/122
f 208/42/123 209/33/123 238/43/123
f 209/42/124 211/33/124 239/45/124
f 239/45/125 211/33/125 210/42/125
f 240/48/126 210/33/126 208/42/126
f 209/49/127 208/40/127 210/41/127
f 212/27/5 213/19/5 242/50/5
f 242/51/1 213/27/1 215/19/1
f 243/52/3 215/19/3 214/27/3
f 214/19/4 212/27/4 241/51/4
f 215/23/6 213/59/6 212/22/6
f 246/58/129 216/59/129 219/23/129
f 219/23/129 218/24/129 247/57/129
f 249/60/130 248/79/130 219/23/130
f 248/79/130 218/24/130 219/23/130
f 217/24/133 219/23/133 250/65/133
f 219/23/133 216/59/133 245/66/133
f 253/69/135 252/80/135 223/23/135
f 252/80/135 220/59/135 223/23/135
f 255/71/136 222/24/136 223/23/136
f 223/23/136 221/59/136 254/70/136
f 251/76/139 256/81/139 223/23/139
f 256/81/139 221/24/139 223/23/139
f 259/5/141 258/6/141 287/7/141
f 259/8/142 289/9/142 288/10/142
f 261/5/143 290/11/143 289/9/143
f 290/12/144 257/8/144 286/13/144
f 287/14/145 258/15/145 288/16/145
f 259/15/146 260/17/146 261/18/146
f 263/19/147 292/20/147 291/21/147
f 262/22/148 265/23/148 264/24/148
f 265/19/149 294/25/149 264/26/149
f 262/27/150 294/28/150 292/29/150
f 293/30/151 263/27/151 291/31/151
f 295/32/152 267/33/152 296/34/152
f 296/35/153 269/33/153 297/36/153
f 269/33/154 298/37/154 297/36/154
f 268/33/155 295/32/155 298/38/155
f 269/39/156 266/40/156 268/41/156
f 270/42/157 300/43/157 299/44/157
f 271/42/158 301/45/158 300/46/158
f 301/45/159 272/42/159 302/47/159
f 302/48/160 270/42/160 299/44/160
f 271/49/161 272/41/161 273/39/161
f 274/27/2 304/50/2 303/51/2
f 304/51/4 277/19/4 305/52/4
f 305/52/6 276/27/6 306/53/6
f 276/19/1 303/51/1 306/54/1
f 277/23/3 274/22/3 276/24/3
f 307/55/162 278/23/162 308/56/162
f 281/23/163 309/57/163 308/58/163
f 281/23/164 279/59/164 311/60/164
f 311/61/165 279/23/165 312/62/165
f 310/63/166 309/64/166 280/23/166
f 312/65/167 281/23/167 307/66/167
f 282/23/168 314/67/168 313/68/168
f 285/23/169 284/24/169 315/69/169
f 285/23/170 316/70/170 317/71/170
f 318/72/171 316/73/171 283/23/171
f 284/23/172 317/74/172 315/75/172
f 285/23/173 282/59/173 313/76/173
f 287/7/141 286/13/141 259/5/141
f 286/13/141 257/8/141 259/5/141
f 288/10/142 258/77/142 259/8/142
f 259/8/142 261/5/142 289/9/142
f 261/5/143 260/8/143 290/11/143
f 290/12/144 260/5/144 257/8/144
f 259/15/146 257/3/146 260/17/146
f 263/19/147 262/26/147 292/20/147
f 262/22/148 263/59/148 265/23/148
f 265/19/149 293/78/149 294/25/149
f 262/27/174 264/19/174 294/28/174
f 293/30/151 265/19/151 263/27/151
f 295/32/152 266/42/152 267/33/152
f 296/35/153 267/42/153 269/33/153
f 269/33/154 268/42/154 298/37/154
f 268/33/155 266/42/155 295/32/155
f 269/39/156 267/49/156 266/40/156
f 270/42/157 271/33/157 300/43/157
f 271/42/158 273/33/158 301/45/158
f 301/45/159 273/33/159 272/42/159
f 302/48/160 272/33/160 270/42/160
f 271/49/161 270/40/161 272/41/161
f 274/27/2 275/19/2 304/50/2
f 304/51/4 275/27/4 277/19/4
f 305/52/6 277/19/6 276/27/6
f 276/19/1 274/27/1 303/51/1
f 277/23/3 275/59/3 274/22/3
f 308/58/163 278/59/163 281/23/163
f 281/23/163 280/24/163 309/57/163
f 311/60/164 310/79/164 281/23/164
f 310/79/164 280/24/164 281/23/164
f 279/24/167 281/23/167 312/65/167
f 281/23/167 278/59/167 307/66/167
f 315/69/169 314/80/169 285/23/169
f 314/80/169 282/59/169 285/23/169
f 317/71/170 284/24/170 285/23/170
f 285/23/170 283/59/170 316/70/170
f 313/76/173 318/81/173 285/23/173
f 318/81/173 283/24/173 285/23/173
f 321/5/175 320/6/175 349/7/175
f 321/8/176 351/9/176 350/10/176
f 323/5/177 352/11/177 351/9/177
f 352/12/178 319/8/178 348/13/178
f 349/14/179 320/15/179 350/16/179
f 321/15/180 322/17/180 323/18/180
f 325/19/181 354/20/181 353/21/181
f 324/22/182 327/23/182 326/24/182
f 327/19/183 356/25/183 326/26/183
f 324/27/184 356/28/184 354/29/184
f 355/30/185 325/27/185 353/31/185
f 357/32/186 329/33/186 358/34/186
f 358/35/187 331/33/187 359/36/187
f 331/33/188 360/37/188 359/36/188
f 330/33/189 357/32/189 360/38/189
f 331/39/190 328/40/190 330/41/190
f 332/42/191 362/43/191 361/44/191
f 333/42/192 363/45/192 362/46/192
f 363/45/193 334/42/193 364/47/193
f 364/48/194 332/42/194 361/44/194
f 333/49/195 334/41/195 335/39/195
f 336/27/6 366/50/6 365/51/6
f 366/51/4 339/19/4 367/52/4
f 367/52/2 338/27/2 368/53/2
f 338/19/1 365/51/1 368/54/1
f 339/23/5 336/22/5 338/24/5
f 369/55/196 340/23/196 370/56/196
f 343/23/197 371/57/197 370/58/197
f 343/23/198 341/59/198 373/60/198
f 373/61/199 341/23/199 374/62/199
f 372/63/200 371/64/200 342/23/200
f 374/65/201 343/23/201 369/66/201
f 344/23/202 376/67/202 375/68/202
f 347/23/203 346/24/203 377/69/203
f 347/23/204 378/70/204 379/71/204
f 380/72/205 378/73/205 345/23/205
f 346/23/206 379/74/206 377/75/206
f 347/23/207 344/59/207 375/76/207
f 349/7/208 348/13/208 321/5/208
f 348/13/208 319/8/208 321/5/208
f 350/10/176 320/77/176 321/8/176
f 321/8/176 323/5/176 351/9/176
f 323/5/177 322/8/177 352/11/177
f 352/12/178 322/5/178 319/8/178
f 321/15/180 319/3/180 322/17/180
f 325/19/181 324/26/181 354/20/181
f 324/22/182 325/59/182 327/23/182
f 327/19/183 355/78/183 356/25/183
f 324/27/184 326/19/184 356/28/184
f 355/30/185 327/19/185 325/27/185
f 357/32/186 328/42/186 329/33/186
f 358/35/187 329/42/187 331/33/187
f 331/33/188 330/42/188 360/37/188
f 330/33/189 328/42/189 357/32/189
f 331/39/190 329/49/190 328/40/190
f 332/42/191 333/33/191 362/43/191
f 333/42/192 335/33/192 363/45/192
f 363/45/193 335/33/193 334/42/193
f 364/48/194 334/33/194 332/42/194
f 333/49/195 332/40/195 334/41/195
f 336/27/6 337/19/6 366/50/6
f 366/51/4 337/27/4 339/19/4
f 367/52/2 339/19/2 338/27/2
f 338/19/1 336/27/1 365/51/1
f 339/23/5 337/59/5 336/22/5
f 370/58/197 340/59/197 343/23/197
f 343/23/197 342/24/197 371/57/197
f 373/60/198 372/79/198 343/23/198
f 372/79/198 342/24/198 343/23/198
f 341/24/201 343/23/201 374/65/201
f 343/23/201 340/59/201 369/66/201
f 377/69/203 376/80/203 347/23/203
f 376/80/203 344/59/203 347/23/203
f 379/71/204 346/24/204 347/23/204
f 347/23/204 345/59/204 378/70/204
f 375/76/207 380/81/207 347/23/207
f 380/81/207 345/24/207 347/23/207
